[header]
width=30
height=30
tilewidth=32
tileheight=32

[tilesets]
tileset=../Images/spritesheet.png,32,32,0,0

[layer]
type=Map
data=
81,81,81,81,81,81,81,81,81,81,81,81,81,81,81,81,81,81,81,81,81,81,81,81,81,81,81,81,81,81,
81,81,81,81,81,81,81,86,53,53,53,53,53,53,53,53,53,53,53,53,53,101,81,81,81,81,81,81,81,81,
81,81,81,81,81,81,81,87,68,68,68,68,68,68,68,68,68,68,68,68,68,71,81,81,81,81,81,81,81,81,
81,81,81,81,81,81,81,87,68,68,68,68,68,68,68,68,68,68,68,68,68,71,81,81,81,81,81,81,81,81,
81,81,81,81,81,81,81,87,68,68,68,68,68,68,68,68,68,68,68,68,68,71,81,81,81,81,81,81,81,81,
81,81,81,81,81,81,81,87,68,68,68,68,68,68,68,68,168,167,68,68,68,71,81,81,81,81,81,81,81,81,
81,81,81,81,81,81,81,87,68,68,68,68,68,68,68,68,71,87,68,68,68,71,81,81,81,81,81,81,81,81,
81,81,81,81,81,81,81,87,68,68,68,68,68,68,68,68,71,87,68,68,68,71,81,81,81,81,81,81,81,81,
81,81,81,81,81,81,81,87,68,68,68,68,68,68,68,68,71,87,68,68,68,71,81,81,81,81,81,81,81,81,
81,81,81,81,81,81,81,87,68,68,68,68,68,68,68,68,71,87,68,68,68,71,81,81,81,81,81,81,81,81,
81,81,81,81,81,81,81,69,103,103,103,103,68,103,103,103,85,69,103,103,103,85,81,81,81,81,81,81,81,81,
81,81,81,81,81,81,81,81,81,81,86,53,68,53,53,101,81,81,81,81,81,81,81,81,81,81,81,81,81,81,
81,81,81,81,81,81,81,81,81,81,87,68,68,68,68,71,81,81,81,81,81,81,81,81,81,81,81,81,81,81,
81,81,81,81,81,81,81,81,81,81,87,68,68,68,68,71,81,81,81,81,81,81,81,81,81,81,81,81,81,81,
81,81,81,81,81,81,81,81,81,81,87,68,68,68,68,71,81,81,81,81,81,81,81,81,81,81,81,81,81,81,
81,81,81,81,81,81,81,81,81,81,87,68,68,68,68,71,81,81,81,81,81,81,81,81,81,81,81,81,81,81,
81,81,81,81,81,81,81,81,81,81,87,68,68,68,68,165,53,53,53,101,81,81,81,81,81,81,81,81,81,81,
81,81,81,81,81,81,81,81,81,81,87,68,68,68,68,68,68,68,68,71,81,81,81,81,81,81,81,81,81,81,
81,81,81,81,81,81,81,81,81,81,87,68,68,68,68,68,68,68,68,71,81,81,81,81,81,81,81,81,81,81,
81,81,81,81,81,81,81,81,81,81,69,103,103,103,103,103,103,83,103,85,81,81,81,81,81,81,81,81,81,81,
81,81,81,81,81,81,81,81,81,81,81,81,81,81,81,81,81,81,81,81,81,81,81,81,81,81,81,81,81,81,
81,81,81,81,81,81,81,81,81,81,81,81,81,81,81,81,81,81,81,81,81,81,81,81,81,81,81,81,81,81,
81,81,81,81,81,81,81,81,81,81,81,81,81,81,81,81,81,81,81,81,81,81,81,81,81,81,81,81,81,81,
81,81,81,81,81,81,81,81,81,81,81,81,81,81,81,81,81,81,81,81,81,81,81,81,81,81,81,81,81,81,
81,81,81,81,81,81,81,81,81,81,81,81,81,81,81,81,81,81,81,81,81,81,81,81,81,81,81,81,81,81,
81,81,81,81,81,81,81,81,81,81,81,81,81,81,81,81,81,81,81,81,81,81,81,81,81,81,81,81,81,81,
81,81,81,81,81,81,81,81,81,81,81,81,81,81,81,81,81,81,81,81,81,81,81,81,81,81,81,81,81,81,
81,81,81,81,81,81,81,81,81,81,81,81,81,81,81,81,81,81,81,81,81,81,81,81,81,81,81,81,81,81,
81,81,81,81,81,81,81,81,81,81,81,81,81,81,81,81,81,81,81,81,81,81,81,81,81,81,81,81,81,81,
81,81,81,81,81,81,81,81,81,81,81,81,81,81,81,81,81,81,81,81,81,81,81,81,81,81,81,81,81,81

[layer]
type=Objects
data=
0,0,0,0,0,0,0,0,0,0,0,0,0,0,0,0,0,0,0,0,0,0,0,0,0,0,0,0,0,0,
0,0,0,0,0,0,0,0,0,0,0,0,0,0,0,0,0,0,0,0,0,0,0,0,0,0,0,0,0,0,
0,0,0,0,0,0,0,0,13,0,11,56,0,0,0,0,56,12,0,0,56,0,0,0,0,0,0,0,0,0,
0,0,0,0,0,0,0,0,56,0,0,56,56,0,0,0,0,56,0,12,0,0,0,0,0,0,0,0,0,0,
0,0,0,0,0,0,0,0,56,56,56,56,0,0,0,0,56,0,56,56,56,0,0,0,0,0,0,0,0,0,
0,0,0,0,0,0,0,0,0,56,56,0,0,0,0,0,0,0,56,42,0,0,0,0,0,0,0,0,0,0,
0,0,0,0,0,0,0,0,0,0,0,56,0,56,56,56,0,0,0,0,0,0,0,0,0,0,0,0,0,0,
0,0,0,0,0,0,0,0,0,56,56,56,56,71,0,0,0,0,41,59,41,0,0,0,0,0,0,0,0,0,
0,0,0,0,0,0,0,0,0,0,56,0,0,71,0,0,0,0,0,0,0,0,0,0,0,0,0,0,0,0,
0,0,0,0,0,0,0,0,0,0,56,0,0,71,0,56,0,0,0,106,0,0,0,0,0,0,0,0,0,0,
0,0,0,0,0,0,0,0,0,0,0,0,90,85,0,0,0,0,0,0,0,0,0,0,0,0,0,0,0,0,
0,0,0,0,0,0,0,0,0,0,0,0,74,0,0,0,0,0,0,0,0,0,0,0,0,0,0,0,0,0,
0,0,0,0,0,0,0,0,0,0,0,0,0,0,0,0,0,0,0,0,0,0,0,0,0,0,0,0,0,0,
0,0,0,0,0,0,0,0,0,0,0,0,0,0,0,0,0,0,0,0,0,0,0,0,0,0,0,0,0,0,
0,0,0,0,0,0,0,0,0,0,0,0,0,0,0,0,0,0,0,0,0,0,0,0,0,0,0,0,0,0,
0,0,0,0,0,0,0,0,0,0,0,0,0,0,0,0,0,0,0,0,0,0,0,0,0,0,0,0,0,0,
0,0,0,0,0,0,0,0,0,0,0,0,0,0,0,0,0,0,0,0,0,0,0,0,0,0,0,0,0,0,
0,0,0,0,0,0,0,0,0,0,0,0,0,0,0,0,0,0,0,0,0,0,0,0,0,0,0,0,0,0,
0,0,0,0,0,0,0,0,0,0,0,0,0,0,0,0,0,256,0,0,0,0,0,0,0,0,0,0,0,0,
0,0,0,0,0,0,0,0,0,0,0,0,0,0,0,0,0,242,0,0,0,0,0,0,0,0,0,0,0,0,
0,0,0,0,0,0,0,0,0,0,0,0,0,0,0,0,0,0,0,0,0,0,0,0,0,0,0,0,0,0,
0,0,0,0,0,0,0,0,0,0,0,0,0,0,0,0,0,0,0,0,0,0,0,0,0,0,0,0,0,0,
0,0,0,0,0,0,0,0,0,0,0,0,0,0,0,0,0,0,0,0,0,0,0,0,0,0,0,0,0,0,
0,0,0,0,0,0,0,0,0,0,0,0,0,0,0,0,0,0,0,0,0,0,0,0,0,0,0,0,0,0,
0,0,0,0,0,0,0,0,0,0,0,0,0,0,0,0,0,0,0,0,0,0,0,0,0,0,0,0,0,0,
0,0,0,0,0,0,0,0,0,0,0,0,0,0,0,0,0,0,0,0,0,0,0,0,0,0,0,0,0,0,
0,0,0,0,0,0,0,0,0,0,0,0,0,0,0,0,0,0,0,0,0,0,0,0,0,0,0,0,0,0,
0,0,0,0,0,0,0,0,0,0,0,0,0,0,0,0,0,0,0,0,0,0,0,0,0,0,0,0,0,0,
0,0,0,0,0,0,0,0,0,0,0,0,0,0,0,0,0,0,0,0,0,0,0,0,0,0,0,0,0,0,
0,0,0,0,0,0,0,0,0,0,0,0,0,0,0,0,0,0,0,0,0,0,0,0,0,0,0,0,0,0

